%2: Probability Distribution of an Exam
grades = [62 84 73 73 73 82 58 69 ...
 95 74 62 77 36 62 60 68 ...
 90 91 76 87 51 75 87 59]